-20041.000000	-1.000000	35.150000	-0.000000	-0.999693	0.000000	39.100000	1.000000	105.100000	-0.996882	-0.000274	35.095578	0.000000	0.000000	0.000000	-0.998670	0.000208	0.179029	0.000100	372.738305	0.179287
0.000000	-0.500000	35.150000	-0.000000	-0.499810	0.000000	39.100000	1.000000	105.100000	-0.499993	-3.000000E-6	35.150003	0.000101	0.001143	5.200000E-5	-0.499807	6.600000E-5	0.003518	0.000100	7.324694	0.003523
0.000000	-0.200000	35.150000	-0.000000	-0.199944	0.000000	39.100000	1.000000	105.100000	-0.199998	-8.000000E-6	35.150080	6.300000E-5	0.001998	0.000147	-0.199943	4.200000E-5	0.003498	0.000100	7.283071	0.003503
0.000000	-0.100000	35.150000	-0.000000	-0.099980	0.000000	39.100000	1.000000	105.100000	-0.099993	-5.000000E-5	35.150046	6.700000E-5	0.003501	0.000430	-0.099975	3.400000E-5	0.003628	0.000100	7.553076	0.003633
0.000000	-0.050000	35.150000	-0.000000	-0.049994	0.000000	39.100000	1.000000	105.100000	-0.049998	-3.500000E-5	35.149909	9.300000E-5	0.006538	0.001459	-0.049992	2.300000E-5	0.003523	0.000100	7.333989	0.003528
0.000000	-0.010000	35.150000	-0.000000	-0.010001	0.000000	39.100000	1.000000	105.100000	-0.009975	-0.002397	35.149590	0.000335	0.030192	0.031968	-0.009976	2.200000E-5	0.003502	0.000100	7.292112	0.003508
0.000000	-1.000000	35.500000	-0.000000	-1.000052	0.000000	39.100000	1.000000	105.100000	-1.000007	2.000000E-6	35.499928	0.000371	0.004226	4.200000E-5	-1.000057	0.000169	0.003559	0.000100	7.410467	0.003564
0.000000	-0.500000	35.500000	-0.000000	-0.499972	0.000000	39.100000	1.000000	105.100000	-0.499990	-3.000000E-6	35.499793	0.000160	0.003743	6.800000E-5	-0.499968	8.000000E-5	0.003504	0.000100	7.295419	0.003509
0.000000	-0.200000	35.500000	-0.000000	-0.200017	0.000000	39.100000	1.000000	105.100000	-0.200000	2.000000E-6	35.499722	9.100000E-5	0.004651	0.000195	-0.200018	3.700000E-5	0.003512	0.000100	7.311091	0.003517
0.000000	-0.100000	35.500000	-0.000000	-0.100024	0.000000	39.100000	1.000000	105.100000	-0.100002	1.100000E-5	35.500174	9.200000E-5	0.006952	0.000567	-0.100025	3.300000E-5	0.003462	0.000100	7.208358	0.003467
0.000000	-0.050000	35.500000	-0.000000	-0.050006	0.000000	39.100000	1.000000	105.100000	-0.050001	1.700000E-5	35.500051	0.000125	0.011845	0.001917	-0.050007	2.300000E-5	0.003595	0.000100	7.485094	0.003600
0.000000	-0.010000	35.500000	-0.000000	-0.010009	0.000000	39.100000	1.000000	105.100000	-0.009983	-0.001596	35.497356	0.000441	0.051599	0.041806	-0.009993	2.200000E-5	0.003541	0.000100	7.373224	0.003547
0.000000	-1.000000	36.100000	-0.000000	-0.999964	0.000000	39.100000	1.000000	105.100000	-0.999995	0.000000	36.099997	0.000211	0.000505	3.200000E-5	-0.999964	0.000193	0.003552	0.000100	7.396180	0.003558
0.000000	-0.500000	36.100000	-0.000000	-0.500109	0.000000	39.100000	1.000000	105.100000	-0.500004	3.000000E-6	36.100034	9.800000E-5	0.000596	5.100000E-5	-0.500111	6.100000E-5	0.003539	0.000100	7.367876	0.003544
0.000000	-0.200000	36.100000	-0.000000	-0.200063	0.000000	39.100000	1.000000	105.100000	-0.200002	8.000000E-6	36.100013	6.000000E-5	0.000994	0.000143	-0.200065	3.900000E-5	0.003517	0.000100	7.322564	0.003522
0.000000	-0.100000	36.100000	-0.000000	-0.100043	0.000000	39.100000	1.000000	105.100000	-0.099999	-1.100000E-5	36.100076	6.200000E-5	0.001699	0.000410	-0.100036	3.000000E-5	0.003588	0.000100	7.470036	0.003593
0.000000	-0.050000	36.100000	-0.000000	-0.050023	0.000000	39.100000	1.000000	105.100000	-0.050000	9.000000E-6	36.100020	8.500000E-5	0.003122	0.001364	-0.050023	2.400000E-5	0.003450	0.000100	7.183348	0.003455
0.000000	-0.010000	36.100000	-0.000000	-0.010012	0.000000	39.100000	1.000000	105.100000	-0.010023	0.002194	36.099476	0.000306	0.014545	0.029070	-0.010034	2.400000E-5	0.003444	0.000100	7.169368	0.003448
0.000000	-1.000000	36.500000	-0.000000	-0.999933	0.000000	39.100000	1.000000	105.100000	-1.000016	2.000000E-6	36.499980	0.000211	0.000368	3.200000E-5	-0.999945	0.000241	0.003504	0.000100	7.295044	0.003509
0.000000	-0.500000	36.500000	-0.000000	-0.500087	0.000000	39.100000	1.000000	105.100000	-0.499997	-0.000000	36.499949	9.700000E-5	0.000474	5.100000E-5	-0.500087	7.300000E-5	0.003456	0.000100	7.195350	0.003461
0.000000	-0.200000	36.500000	-0.000000	-0.200076	0.000000	39.100000	1.000000	105.100000	-0.199993	-1.600000E-5	36.499952	6.000000E-5	0.000841	0.000143	-0.200070	5.300000E-5	0.003529	0.000100	7.346470	0.003534
0.000000	-0.100000	36.500000	-0.000000	-0.100034	0.000000	39.100000	1.000000	105.100000	-0.099998	-1.000000E-5	36.499939	6.200000E-5	0.001467	0.000410	-0.100028	3.100000E-5	0.003503	0.000100	7.293135	0.003508
0.000000	-0.050000	36.500000	-0.000000	-0.050018	0.000000	39.100000	1.000000	105.100000	-0.049997	-5.100000E-5	36.500087	8.500000E-5	0.002725	0.001364	-0.050012	2.500000E-5	0.003554	0.000100	7.400062	0.003559
0.000000	-0.010000	36.500000	-0.000000	-0.010001	0.000000	39.100000	1.000000	105.100000	-0.009975	-0.002447	36.499690	0.000306	0.012801	0.029298	-0.009976	2.400000E-5	0.003522	0.000100	7.332683	0.003527
0.000000	-1.000000	37.100000	-0.000000	-1.000352	0.000000	39.100000	1.000000	105.100000	-1.000005	-1.000000E-6	37.100032	0.000215	0.000394	3.300000E-5	-1.000340	0.000202	0.003473	0.000100	7.230038	0.003478
0.000000	-0.500000	37.100000	-0.000000	-0.500100	0.000000	39.100000	1.000000	105.100000	-0.500001	0.000000	37.099999	9.900000E-5	0.000516	5.200000E-5	-0.500100	7.300000E-5	0.003607	0.000100	7.509040	0.003612
0.000000	-0.200000	37.100000	-0.000000	-0.200055	0.000000	39.100000	1.000000	105.100000	-0.199998	-4.000000E-6	37.099943	6.100000E-5	0.000924	0.000146	-0.200054	4.600000E-5	0.003461	0.000100	7.206132	0.003466
0.000000	-0.100000	37.100000	-0.000000	-0.100028	0.000000	39.100000	1.000000	105.100000	-0.100006	3.900000E-5	37.100107	6.300000E-5	0.001617	0.000418	-0.100033	3.100000E-5	0.003457	0.000100	7.197951	0.003462
0.000000	-0.050000	37.100000	-0.000000	-0.050019	0.000000	39.100000	1.000000	105.100000	-0.049990	-0.000150	37.100025	8.700000E-5	0.003008	0.001393	-0.050010	2.800000E-5	0.003395	0.000100	7.067519	0.003399
0.000000	-0.010000	37.100000	-0.000000	-0.010002	0.000000	39.100000	1.000000	105.100000	-0.010002	0.000177	37.101245	0.000313	0.014148	0.029802	-0.010001	2.400000E-5	0.003578	0.000100	7.449695	0.003583
0.000000	-1.000000	37.500000	-0.000000	-0.330728	0.000000	39.100000	1.000000	105.100000	-1.000011	0.000000	37.500033	0.000219	0.000435	3.300000E-5	-1.000319	0.000178	0.003577	0.000100	7.448292	0.003583
0.000000	-0.500000	37.500000	-0.000000	-0.500072	0.000000	39.100000	1.000000	105.100000	-0.500005	2.000000E-6	37.499994	0.000100	0.000565	5.300000E-5	-0.500074	8.200000E-5	0.003522	0.000100	7.332434	0.003527
0.000000	-0.200000	37.500000	-0.000000	-0.200066	0.000000	39.100000	1.000000	105.100000	-0.200002	2.000000E-6	37.500052	6.100000E-5	0.001003	0.000148	-0.200035	3.400000E-5	0.003553	0.000100	7.397284	0.003558
0.000000	-0.100000	37.500000	-0.000000	-0.100028	0.000000	39.100000	1.000000	105.100000	-0.099996	-3.000000E-5	37.500062	6.400000E-5	0.001748	0.000424	-0.100025	3.000000E-5	0.003570	0.000100	7.433311	0.003575
0.000000	-0.050000	37.500000	-0.000000	-0.050021	0.000000	39.100000	1.000000	105.100000	-0.049998	-3.200000E-5	37.500115	8.900000E-5	0.003243	0.001414	-0.050015	2.400000E-5	0.003484	0.000100	7.254629	0.003489
0.000000	-0.010000	37.500000	-0.000000	-0.010007	0.000000	39.100000	1.000000	105.100000	-0.009986	-0.001353	37.501488	0.000318	0.015211	0.030405	-0.009994	2.000000E-5	0.003520	0.000100	7.328017	0.003525
0.000000	-1.000000	38.100000	-0.000000	-1.000003	0.000000	39.100000	1.000000	105.100000	-0.999989	-2.000000E-6	38.099991	0.000224	0.000489	3.400000E-5	-0.999998	0.000174	0.003639	0.000100	7.575543	0.003644
0.000000	-0.500000	38.100000	-0.000000	-0.499993	0.000000	39.100000	1.000000	105.100000	-0.500002	1.000000E-6	38.099966	0.000102	0.000621	5.400000E-5	-0.499994	8.800000E-5	0.003469	0.000100	7.223230	0.003474
0.000000	-0.200000	38.100000	-0.000000	-0.200064	0.000000	39.100000	1.000000	105.100000	-0.199999	-2.000000E-6	38.100018	6.300000E-5	0.001084	0.000151	-0.200057	3.900000E-5	0.003462	0.000100	7.208749	0.003467
0.000000	-0.100000	38.100000	-0.000000	-0.100033	0.000000	39.100000	1.000000	105.100000	-0.099999	-5.000000E-6	38.099935	6.600000E-5	0.001876	0.000432	-0.100026	3.600000E-5	0.003572	0.000100	7.436559	0.003577
0.000000	-0.050000	38.100000	-0.000000	-0.050020	0.000000	39.100000	1.000000	105.100000	-0.049992	-0.000122	38.100012	9.000000E-5	0.003468	0.001444	-0.050005	2.800000E-5	0.003445	0.000100	7.172490	0.003450
0.000000	-0.010000	38.100000	-0.000000	-0.010003	0.000000	39.100000	1.000000	105.100000	-0.010001	5.900000E-5	38.099888	0.000325	0.016213	0.030967	-0.010000	2.200000E-5	0.003399	0.000100	7.076267	0.003404
-20041.000000	-1.000000	35.150000	-0.000000	-0.999660	0.000000	39.100000	1.000000	105.100000	-0.998025	-0.000184	35.108594	0.000000	0.000000	0.000000	-0.999217	0.001050	0.470757	0.001000	980.116655	0.471437
0.000000	-0.500000	35.150000	-0.000000	-0.499815	0.000000	39.100000	1.000000	105.100000	-0.499960	-4.000000E-6	35.149910	0.000101	0.001150	5.200000E-5	-0.499811	0.000628	0.367355	0.001000	764.832421	0.367885
0.000000	-0.200000	35.150000	-0.000000	-0.199958	0.000000	39.100000	1.000000	105.100000	-0.199981	-2.200000E-5	35.149477	6.300000E-5	0.002004	0.000148	-0.199952	0.000385	0.334680	0.001000	696.804762	0.335163
0.000000	-0.100000	35.150000	-0.000000	-0.099959	0.000000	39.100000	1.000000	105.100000	-0.099930	-0.000491	35.150448	6.600000E-5	0.003234	0.000427	-0.099868	0.000502	0.352188	0.001000	733.255487	0.352696
0.000000	-0.050000	35.150000	-0.000000	-0.049988	0.000000	39.100000	1.000000	105.100000	-0.050013	0.000246	35.151420	8.900000E-5	0.005182	0.001413	-0.050002	0.000321	0.357670	0.001000	744.669100	0.358186
0.000000	-0.010000	35.150000	-0.000000	-0.010052	0.000000	39.100000	1.000000	105.100000	-0.009817	-0.017455	35.111290	0.000436	0.026270	0.042793	-0.009873	0.000224	0.340411	0.001000	708.736543	0.340903
0.000000	-1.000000	35.500000	-0.000000	-1.000358	0.000000	39.100000	1.000000	105.100000	-1.000310	3.300000E-5	35.501605	0.000371	0.004221	4.200000E-5	-1.000451	0.001308	0.362630	0.001000	754.994763	0.363153
0.000000	-0.500000	35.500000	-0.000000	-0.500241	0.000000	39.100000	1.000000	105.100000	-0.500001	5.000000E-6	35.501052	0.000160	0.003740	6.800000E-5	-0.500245	0.000599	0.341695	0.001000	711.408464	0.342188
0.000000	-0.200000	35.500000	-0.000000	-0.200058	0.000000	39.100000	1.000000	105.100000	-0.200028	5.900000E-5	35.501994	9.100000E-5	0.004643	0.000195	-0.200105	0.000427	0.350275	0.001000	729.272706	0.350781
0.000000	-0.100000	35.500000	-0.000000	-0.099982	0.000000	39.100000	1.000000	105.100000	-0.099946	-0.000318	35.497424	9.200000E-5	0.006947	0.000568	-0.099946	0.000379	0.349084	0.001000	726.792556	0.349588
0.000000	-0.050000	35.500000	-0.000000	-0.049965	0.000000	39.100000	1.000000	105.100000	-0.050064	0.001125	35.498221	0.000125	0.011836	0.001912	-0.050027	0.000265	0.354715	0.001000	738.516229	0.355227
0.000000	-0.010000	35.500000	-0.000000	-0.009924	0.000000	39.100000	1.000000	105.100000	-0.009516	-0.047740	35.435081	0.000442	0.052282	0.046156	-0.009461	0.000200	0.344345	0.001000	716.925876	0.344842
0.000000	-1.000000	36.100000	-0.000000	-1.000373	0.000000	39.100000	1.000000	105.100000	-0.999925	-4.000000E-6	36.099905	0.000211	0.000505	3.200000E-5	-1.000363	0.001220	0.352822	0.001000	734.575838	0.353331
0.000000	-0.500000	36.100000	-0.000000	-0.500216	0.000000	39.100000	1.000000	105.100000	-0.500014	-9.000000E-6	36.100286	9.800000E-5	0.000595	5.100000E-5	-0.500211	0.000614	0.347874	0.001000	724.273679	0.348376
0.000000	-0.200000	36.100000	-0.000000	-0.200057	0.000000	39.100000	1.000000	105.100000	-0.199961	-0.000101	36.099834	6.000000E-5	0.000995	0.000143	-0.200026	0.000393	0.352218	0.001000	733.317107	0.352726
0.000000	-0.100000	36.100000	-0.000000	-0.099973	0.000000	39.100000	1.000000	105.100000	-0.099922	-0.000518	36.100216	6.200000E-5	0.001698	0.000410	-0.099865	0.000539	0.348810	0.001000	726.223356	0.349314
0.000000	-0.050000	36.100000	-0.000000	-0.035876	0.000000	39.100000	1.000000	105.100000	-0.050035	0.000657	36.096168	8.600000E-5	0.003136	0.001363	-0.050114	0.000251	0.345506	0.001000	719.342859	0.346004
0.000000	-0.010000	36.100000	-0.000000	-0.009973	0.000000	39.100000	1.000000	105.100000	-0.009639	-0.035860	36.090557	0.000306	0.014715	0.031412	-0.009647	0.000239	0.353157	0.001000	735.272739	0.353667
0.000000	-1.000000	36.500000	-0.000000	-0.999182	0.000000	39.100000	1.000000	105.100000	-1.000142	2.200000E-5	36.499822	0.000211	0.000368	3.200000E-5	-0.999391	0.005180	0.350912	0.001000	730.599231	0.351419
0.000000	-0.500000	36.500000	-0.000000	-0.500122	0.000000	39.100000	1.000000	105.100000	-0.499922	-2.700000E-5	36.500159	9.700000E-5	0.000474	5.100000E-5	-0.500091	0.000664	0.367896	0.001000	765.959109	0.368427
0.000000	-0.200000	36.500000	-0.000000	-0.125176	0.000000	39.100000	1.000000	105.100000	-0.199980	-4.500000E-5	36.499956	6.000000E-5	0.000841	0.000144	-0.200028	0.000343	0.336835	0.001000	701.291478	0.337322
0.000000	-0.100000	36.500000	-0.000000	-0.100102	0.000000	39.100000	1.000000	105.100000	-0.099990	-6.900000E-5	36.500105	6.200000E-5	0.001467	0.000410	-0.100090	0.000473	0.338712	0.001000	705.197733	0.339200
0.000000	-0.050000	36.500000	-0.000000	-0.050032	0.000000	39.100000	1.000000	105.100000	-0.050113	0.001787	36.501601	8.500000E-5	0.002724	0.001358	-0.050133	0.000249	0.329822	0.001000	686.689343	0.330298
0.000000	-0.010000	36.500000	-0.000000	-0.009955	0.000000	39.100000	1.000000	105.100000	-0.010190	0.018152	36.499051	0.000306	0.012796	0.028094	-0.010146	0.000260	0.357044	0.001000	743.366064	0.357559
0.000000	-1.000000	37.100000	-0.000000	-1.000342	0.000000	39.100000	1.000000	105.100000	-1.000111	1.500000E-5	37.100060	0.000215	0.000394	3.300000E-5	-1.000431	0.001352	0.348694	0.001000	725.981705	0.349198
0.000000	-0.500000	37.100000	-0.000000	-0.220392	0.000000	39.100000	1.000000	105.100000	-0.499924	-5.100000E-5	37.099656	9.900000E-5	0.000515	5.200000E-5	-0.500162	0.000680	0.351359	0.001000	731.528646	0.351866
0.000000	-0.200000	37.100000	-0.000000	-0.200034	0.000000	39.100000	1.000000	105.100000	-0.199946	-0.000158	37.100531	6.100000E-5	0.000924	0.000146	-0.199971	0.000602	0.353756	0.001000	736.520784	0.354267
-20041.000000	-0.100000	37.100000	-0.000000	-0.044089	0.000000	39.100000	1.000000	105.100000	-0.050376	-0.589454	33.517422	0.000000	0.000000	0.000000	-0.057316	0.000242	933.641706	0.001000	1943842.031089	934.988952
0.000000	-0.050000	37.100000	-0.000000	-0.050059	0.000000	39.100000	1.000000	105.100000	-0.050031	0.000552	37.097002	8.700000E-5	0.003006	0.001391	-0.050093	0.000320	0.358599	0.001000	746.603608	0.359117
0.000000	-0.010000	37.100000	-0.000000	-0.009993	0.000000	39.100000	1.000000	105.100000	-0.009540	-0.045951	37.092830	0.000312	0.014136	0.032687	-0.009539	0.000207	0.348979	0.001000	726.575294	0.349483
0.000000	-1.000000	37.500000	-0.000000	-0.330799	0.000000	39.100000	1.000000	105.100000	-1.000024	-1.000000E-6	37.499866	0.000219	0.000435	3.300000E-5	-1.000014	0.001284	0.359170	0.001000	747.792410	0.359689
-20041.000000	-0.500000	37.500000	-0.000000	-0.165278	0.000000	39.100000	1.000000	105.100000	-0.380626	-0.062687	35.025266	0.000000	0.000000	0.000000	-0.142593	0.161666	3350.495890	0.001000	6975732.443488	3355.330661
-20041.000000	-0.200000	37.500000	-0.000000	-0.066145	0.000000	39.100000	1.000000	105.100000	-0.085404	-0.557293	32.054426	0.000000	0.000000	0.000000	-0.110547	0.000856	5491.452712	0.001000	1.143320E+7	5499.376886
0.000000	-0.100000	37.500000	-0.000000	-0.100006	0.000000	39.100000	1.000000	105.100000	-0.099938	-0.000356	37.500383	6.400000E-5	0.001749	0.000425	-0.099943	0.000449	0.357082	0.001000	743.443930	0.357597
0.000000	-0.050000	37.500000	-0.000000	-0.049983	0.000000	39.100000	1.000000	105.100000	-0.049995	-0.000115	37.498555	8.900000E-5	0.003242	0.001414	-0.049976	0.000320	0.353713	0.001000	736.431313	0.354224
0.000000	-0.010000	37.500000	-0.000000	-0.009937	0.000000	39.100000	1.000000	105.100000	-0.009798	-0.019537	37.503259	0.000318	0.015225	0.031562	-0.009740	0.000238	0.358420	0.001000	746.231419	0.358938
-20041.000000	-1.000000	38.100000	-0.000000	-0.215444	0.000000	39.100000	1.000000	105.100000	-0.612153	-0.067812	34.906851	0.000000	0.000000	0.000000	-0.127956	0.169255	9624.905892	0.001000	2.003905E+7	9638.794645
-20041.000000	-0.500000	38.100000	-0.000000	-0.091734	0.000000	39.100000	1.000000	105.100000	-0.151567	-0.474448	30.080408	0.000000	0.000000	0.000000	-0.024571	0.036858	27030.648572	0.001000	5.627781E+7	27069.653837
0.000000	-0.200000	38.100000	-0.000000	-0.200109	0.000000	39.100000	1.000000	105.100000	-0.200013	3.300000E-5	38.100303	6.300000E-5	0.001084	0.000151	-0.200119	0.000349	0.344743	0.001000	717.753964	0.345240
0.000000	-0.100000	38.100000	-0.000000	-0.100106	0.000000	39.100000	1.000000	105.100000	-0.099990	-7.600000E-5	38.099810	6.600000E-5	0.001876	0.000433	-0.100096	0.000324	0.357876	0.001000	745.098681	0.358393
0.000000	-0.050000	38.100000	-0.000000	-0.049991	0.000000	39.100000	1.000000	105.100000	-0.049969	-0.000508	38.101304	9.000000E-5	0.003468	0.001445	-0.049961	0.000278	0.370688	0.001000	771.772717	0.371223
0.000000	-0.010000	38.100000	-0.000000	-0.009996	0.000000	39.100000	1.000000	105.100000	-0.009993	-0.000720	38.114259	0.000325	0.016225	0.031028	-0.009988	0.000277	0.355589	0.001000	740.336055	0.356102
-20041.000000	-1.000000	35.150000	-0.000000	-0.998047	0.000000	39.100000	1.000000	105.100000	-0.998229	-2.000000E-5	35.106078	0.000000	0.000000	0.000000	-0.997997	0.011253	34.527118	0.010000	71885.458669	34.576940
0.000000	-0.500000	35.150000	-0.000000	-0.498713	0.000000	39.100000	1.000000	105.100000	-0.499768	-8.400000E-5	35.150258	0.000100	0.001081	5.100000E-5	-0.498640	0.005267	35.781475	0.010000	74497.030734	35.833108
0.000000	-0.200000	35.150000	-0.000000	-0.199458	0.000000	39.100000	1.000000	105.100000	-0.200031	0.000297	35.149116	6.300000E-5	0.001984	0.000148	-0.199534	0.003211	34.808352	0.010000	72470.987924	34.858580
0.000000	-0.100000	35.150000	-0.000000	-0.099558	0.000000	39.100000	1.000000	105.100000	-0.100151	0.001289	35.138271	7.600000E-5	0.004965	0.000475	-0.099705	0.003019	36.287122	0.010000	75549.788552	36.339485
0.000000	-0.050000	35.150000	-0.000000	-0.050249	0.000000	39.100000	1.000000	105.100000	-0.050243	0.004396	35.144206	9.500000E-5	0.006106	0.001477	-0.050486	0.002679	36.754428	0.010000	76522.719219	36.807465
0.000000	-0.010000	35.150000	-0.000000	-0.009309	0.000000	39.100000	1.000000	105.100000	-0.011797	0.143571	35.452449	0.000445	0.051887	0.030240	-0.010770	0.002662	35.054931	0.010000	72984.366752	35.105516
0.000000	-1.000000	35.500000	-0.000000	-0.998709	0.000000	39.100000	1.000000	105.100000	-1.002459	0.000372	35.523796	0.000370	0.004176	4.200000E-5	-0.999791	0.014469	35.015338	0.010000	72901.933775	35.065865
0.000000	-0.500000	35.500000	-0.000000	-0.500608	0.000000	39.100000	1.000000	105.100000	-0.499418	-0.000244	35.484823	0.000160	0.003754	6.800000E-5	-0.500391	0.006186	35.849075	0.010000	74637.775140	35.900806
0.000000	-0.200000	35.500000	-0.000000	-0.200629	0.000000	39.100000	1.000000	105.100000	-0.199759	-0.000304	35.478736	9.100000E-5	0.004675	0.000195	-0.200551	0.003777	35.123106	0.010000	73126.306146	35.173788
0.000000	-0.100000	35.500000	-0.000000	-0.099990	0.000000	39.100000	1.000000	105.100000	-0.100573	0.003180	35.542025	9.200000E-5	0.006858	0.000560	-0.100488	0.002602	34.883591	0.010000	72627.636417	34.933928
0.000000	-0.050000	35.500000	-0.000000	-0.048903	0.000000	39.100000	1.000000	105.100000	-0.051029	0.014230	35.667943	0.000122	0.011216	0.001811	-0.049666	0.002339	36.349892	0.010000	75680.475112	36.402345
0.000000	-0.010000	35.500000	-0.000000	-0.009718	0.000000	39.100000	1.000000	105.100000	-0.012544	0.195192	35.660049	0.000438	0.049374	0.026241	-0.012565	0.003032	34.905947	0.010000	72674.182013	34.956317
0.000000	-1.000000	36.100000	-0.000000	-0.996651	0.000000	39.100000	1.000000	105.100000	-0.999025	-0.000170	36.103214	0.000211	0.000501	3.200000E-5	-0.996220	0.013245	35.146276	0.010000	73174.546900	35.196992
0.000000	-0.500000	36.100000	-0.000000	-0.498590	0.000000	39.100000	1.000000	105.100000	-0.498856	-0.000564	36.102287	9.700000E-5	0.000593	5.100000E-5	-0.498077	0.005315	35.441695	0.010000	73789.608615	35.492837
0.000000	-0.200000	36.100000	-0.000000	-0.199900	0.000000	39.100000	1.000000	105.100000	-0.200138	0.000394	36.106377	6.000000E-5	0.000984	0.000143	-0.199923	0.004194	36.434655	0.010000	75856.952720	36.487231
0.000000	-0.100000	36.100000	-0.000000	-0.099631	0.000000	39.100000	1.000000	105.100000	-0.100225	0.001619	36.091522	6.200000E-5	0.001718	0.000409	-0.100145	0.002833	34.390597	0.010000	71601.221931	34.440222
0.000000	-0.050000	36.100000	-0.000000	-0.036602	0.000000	39.100000	1.000000	105.100000	-0.049048	-0.015350	36.082716	8.500000E-5	0.003203	0.001415	-0.048710	0.002479	34.373027	0.010000	71564.641383	34.422627
-23026.000000	-0.010000	36.100000	-0.000000	-0.006570	0.000000	39.100000	1.000000	105.100000	-0.002651	-2.593924	34.819711	0.000000	0.000000	0.000000	-0.001387	0.001294	37.589668	0.010000	78261.688219	37.643910
0.000000	-1.000000	36.500000	-0.000000	-1.002248	0.000000	39.100000	1.000000	105.100000	-0.999294	-0.000203	36.501799	0.000211	0.000368	3.200000E-5	-1.002121	0.012546	34.756974	0.010000	72364.019930	34.807128
0.000000	-0.500000	36.500000	-0.000000	-0.500594	0.000000	39.100000	1.000000	105.100000	-0.499136	-0.000373	36.494601	9.700000E-5	0.000475	5.100000E-5	-0.500257	0.007015	36.020340	0.010000	74994.348771	36.072318
0.000000	-0.200000	36.500000	-0.000000	-0.199069	0.000000	39.100000	1.000000	105.100000	-0.200466	0.001037	36.506814	6.000000E-5	0.000840	0.000143	-0.199546	0.003865	35.320469	0.010000	73537.216671	35.371437
0.000000	-0.100000	36.500000	-0.000000	-0.062796	0.000000	39.100000	1.000000	105.100000	-0.099869	-0.000716	36.499180	6.200000E-5	0.001468	0.000411	-0.100176	0.002757	33.775815	0.010000	70321.246206	33.824553
0.000000	-0.050000	36.500000	-0.000000	-0.050219	0.000000	39.100000	1.000000	105.100000	-0.050378	0.005836	36.510914	8.500000E-5	0.002722	0.001346	-0.050444	0.002550	35.418376	0.010000	73741.058307	35.469485
-23026.000000	-0.010000	36.500000	-0.000000	-0.005197	0.000000	39.100000	1.000000	105.100000	-0.001295	-5.991718	32.369506	0.000000	0.000000	0.000000	-0.001364	0.000333	59.401174	0.010000	123673.243924	59.486890
0.000000	-1.000000	37.100000	-0.000000	-0.501306	0.000000	39.100000	1.000000	105.100000	-1.000258	4.400000E-5	37.099269	0.000215	0.000394	3.300000E-5	-1.001966	0.014933	36.506678	0.010000	76006.902619	36.559357
0.000000	-0.500000	37.100000	-0.000000	-0.230207	0.000000	39.100000	1.000000	105.100000	-0.500795	0.000369	37.105919	9.900000E-5	0.000516	5.200000E-5	-0.501614	0.006884	34.849808	0.010000	72557.300895	34.900097
0.000000	-0.200000	37.100000	-0.000000	-0.199423	0.000000	39.100000	1.000000	105.100000	-0.200106	0.000514	37.103392	6.100000E-5	0.000925	0.000146	-0.199795	0.003701	34.540199	0.010000	71912.693672	34.590040
-20041.000000	-0.100000	37.100000	-0.000000	-0.046162	0.000000	39.100000	1.000000	105.100000	-0.050156	-0.594396	33.500295	0.000000	0.000000	0.000000	-0.000696	0.001856	955.623683	0.010000	1989608.507825	957.002649
-20041.000000	-0.050000	37.100000	-0.000000	-0.025513	0.000000	39.100000	1.000000	105.100000	-0.011698	-2.479082	33.493900	0.000000	0.000000	0.000000	-0.007589	0.005751	308.278532	0.010000	641835.902635	308.723378
0.000000	-0.010000	37.100000	-0.000000	-0.007554	0.000000	39.100000	1.000000	105.100000	-0.010819	0.071602	37.200777	0.000315	0.014425	0.025675	-0.010657	0.002591	36.429943	0.010000	75847.140449	36.482511
0.000000	-1.000000	37.500000	-0.000000	-0.329966	0.000000	39.100000	1.000000	105.100000	-0.999828	6.900000E-5	37.495285	0.000218	0.000434	3.300000E-5	-1.002595	0.015676	36.056733	0.010000	75070.117317	36.108763
0.000000	-0.500000	37.500000	-0.000000	-0.204434	0.000000	39.100000	1.000000	105.100000	-0.500000	-3.600000E-5	37.504570	0.000100	0.000565	5.300000E-5	-0.499305	0.006302	33.951257	0.010000	70686.517608	34.000249
-20041.000000	-0.200000	37.500000	-0.000000	-0.081535	0.000000	39.100000	1.000000	105.100000	-0.129395	-0.224592	34.094743	0.000000	0.000000	0.000000	-0.020798	0.031603	2390.171999	0.010000	4976338.102434	2393.621021
-20041.000000	-0.100000	37.500000	-0.000000	-0.045214	0.000000	39.100000	1.000000	105.100000	-0.045466	-0.719962	33.505292	0.000000	0.000000	0.000000	-0.000672	0.001796	1117.353758	0.010000	2326330.524395	1118.966101
-23026.000000	-0.050000	37.500000	-0.000000	-0.018989	0.000000	39.100000	1.000000	105.100000	-0.004425	-7.392605	30.103149	0.000000	0.000000	0.000000	-0.005264	0.000282	1054.326782	0.010000	2195108.359981	1055.848177
0.000000	-0.010000	37.500000	-0.000000	-0.009887	0.000000	39.100000	1.000000	105.100000	-0.008202	-0.208451	37.369436	0.000314	0.014982	0.044514	-0.008020	0.002219	34.327803	0.010000	71470.486232	34.377338
-20041.000000	-1.000000	38.100000	-0.000000	-0.233016	0.000000	39.100000	1.000000	105.100000	-0.491925	-0.111054	33.898345	0.000000	0.000000	0.000000	-0.012942	0.024640	17382.141513	0.010000	3.618962E+7	17407.223968
-20041.000000	-0.500000	38.100000	-0.000000	-0.125706	0.000000	39.100000	1.000000	105.100000	-0.262187	-0.185477	33.383312	0.000000	0.000000	0.000000	-0.000439	0.002721	12290.330101	0.010000	2.558847E+7	12308.065065
-23026.000000	-0.200000	38.100000	-0.000000	-0.043269	0.000000	39.100000	1.000000	105.100000	-0.007016	-11.566229	26.648903	0.000000	0.000000	0.000000	-1.300000E-5	0.000166	14631.097621	0.010000	3.046195E+7	14652.210316
-23026.000000	-0.100000	38.100000	-0.000000	-0.033124	0.000000	39.100000	1.000000	105.100000	-0.005007	-11.373443	30.283760	0.000000	0.000000	0.000000	-5.000000E-6	0.000182	3087.469844	0.010000	6428112.215121	3091.925067
-23026.000000	-0.050000	38.100000	-0.000000	-0.019132	0.000000	39.100000	1.000000	105.100000	-0.004556	-7.173525	30.682048	0.000000	0.000000	0.000000	-0.005366	0.000243	1017.001489	0.010000	2117397.100539	1018.469024
-23026.000000	-0.010000	38.100000	-0.000000	-0.002390	0.000000	39.100000	1.000000	105.100000	-0.000890	-7.166732	19.922446	0.000000	0.000000	0.000000	-0.001204	0.000255	334.902850	0.010000	697267.733386	335.386115
-20041.000000	-1.000000	35.150000	-0.000100	-1.000510	0.000000	39.100000	1.000000	105.100000	-0.996890	-0.000370	35.093412	0.000000	0.000000	0.000000	-0.997885	0.000395	0.180032	0.000100	374.826151	0.180292
0.000000	-0.500000	35.150000	-0.000100	-0.499889	0.000000	39.100000	1.000000	105.100000	-0.499998	-0.000103	35.150019	0.000101	0.001141	5.200000E-5	-0.499799	7.400000E-5	0.003542	0.000100	7.375356	0.003548
0.000000	-0.200000	35.150000	-0.000100	-0.199969	0.000000	39.100000	1.000000	105.100000	-0.200001	-9.800000E-5	35.150019	6.300000E-5	0.002017	0.000147	-0.199962	4.000000E-5	0.003502	0.000100	7.291537	0.003507
0.000000	-0.100000	35.150000	-0.000100	-0.099996	0.000000	39.100000	1.000000	105.100000	-0.099993	-0.000145	35.149934	6.700000E-5	0.003533	0.000431	-0.099980	2.800000E-5	0.003524	0.000100	7.337913	0.003530
0.000000	-0.050000	35.150000	-0.000100	-0.049989	0.000000	39.100000	1.000000	105.100000	-0.050000	-0.000103	35.150171	9.200000E-5	0.006330	0.001451	-0.049983	2.800000E-5	0.003457	0.000100	7.197429	0.003462
0.000000	-0.010000	35.150000	-0.000100	-0.010001	0.000000	39.100000	1.000000	105.100000	-0.010026	0.002407	35.150639	0.000328	0.027225	0.031014	-0.010025	2.400000E-5	0.003554	0.000100	7.399808	0.003559
0.000000	-1.000000	35.500000	-0.000100	-1.000492	0.000000	39.100000	1.000000	105.100000	-1.000035	-9.600000E-5	35.500435	0.000371	0.004224	4.200000E-5	-1.000471	0.000320	0.003526	0.000100	7.340130	0.003531
0.000000	-0.500000	35.500000	-0.000100	-0.500141	0.000000	39.100000	1.000000	105.100000	-0.500006	-9.800000E-5	35.499942	0.000160	0.003743	6.800000E-5	-0.500033	7.300000E-5	0.003485	0.000100	7.255271	0.003490
0.000000	-0.200000	35.500000	-0.000100	-0.200136	0.000000	39.100000	1.000000	105.100000	-0.199993	-0.000113	35.499358	9.100000E-5	0.004650	0.000195	-0.200092	5.300000E-5	0.003511	0.000100	7.310636	0.003516
0.000000	-0.100000	35.500000	-0.000100	-0.100048	0.000000	39.100000	1.000000	105.100000	-0.099998	-0.000114	35.500187	9.200000E-5	0.006951	0.000567	-0.100029	3.200000E-5	0.003555	0.000100	7.401936	0.003560
0.000000	-0.050000	35.500000	-0.000100	-0.050036	0.000000	39.100000	1.000000	105.100000	-0.049993	-0.000211	35.499657	0.000125	0.011842	0.001917	-0.050015	2.600000E-5	0.003541	0.000100	7.372738	0.003546
0.000000	-0.010000	35.500000	-0.000100	-0.010009	0.000000	39.100000	1.000000	105.100000	-0.009984	-0.001589	35.500011	0.000441	0.051652	0.041788	-0.009991	2.400000E-5	0.003418	0.000100	7.116250	0.003423
0.000000	-1.000000	36.100000	-0.000100	-1.000364	0.000000	39.100000	1.000000	105.100000	-0.999996	-0.000101	36.099967	0.000211	0.000505	3.200000E-5	-1.000098	0.000144	0.003535	0.000100	7.360341	0.003540
0.000000	-0.500000	36.100000	-0.000100	-0.500285	0.000000	39.100000	1.000000	105.100000	-0.499997	-0.000101	36.100042	9.800000E-5	0.000596	5.100000E-5	-0.500059	7.800000E-5	0.003507	0.000100	7.301511	0.003512
0.000000	-0.200000	36.100000	-0.000100	-0.200090	0.000000	39.100000	1.000000	105.100000	-0.200002	-9.700000E-5	36.100050	6.000000E-5	0.000994	0.000143	-0.200064	4.200000E-5	0.003545	0.000100	7.379837	0.003550
0.000000	-0.100000	36.100000	-0.000100	-0.100035	0.000000	39.100000	1.000000	105.100000	-0.100005	-6.800000E-5	36.100121	6.200000E-5	0.001698	0.000410	-0.100027	3.200000E-5	0.003614	0.000100	7.524449	0.003619
0.000000	-0.050000	36.100000	-0.000100	-0.050022	0.000000	39.100000	1.000000	105.100000	-0.050001	-8.300000E-5	36.100063	8.500000E-5	0.003121	0.001364	-0.050018	3.000000E-5	0.003429	0.000100	7.139669	0.003434
0.000000	-0.010000	36.100000	-0.000100	-0.010007	0.000000	39.100000	1.000000	105.100000	-0.010010	0.000875	36.100105	0.000306	0.014534	0.029143	-0.010017	2.200000E-5	0.003596	0.000100	7.485908	0.003601
0.000000	-1.000000	36.500000	-0.000100	-1.000486	0.000000	39.100000	1.000000	105.100000	-1.000011	-9.800000E-5	36.499998	0.000211	0.000368	3.200000E-5	-1.000040	0.000167	0.003654	0.000100	7.607753	0.003659
0.000000	-0.500000	36.500000	-0.000100	-0.500221	0.000000	39.100000	1.000000	105.100000	-0.499998	-0.000103	36.499983	9.700000E-5	0.000474	5.100000E-5	-0.500125	6.800000E-5	0.003420	0.000100	7.120926	0.003425
0.000000	-0.200000	36.500000	-0.000100	-0.200076	0.000000	39.100000	1.000000	105.100000	-0.200001	-0.000100	36.499993	6.000000E-5	0.000841	0.000143	-0.200049	3.800000E-5	0.003497	0.000100	7.280683	0.003502
0.000000	-0.100000	36.500000	-0.000100	-0.100049	0.000000	39.100000	1.000000	105.100000	-0.099996	-0.000123	36.499871	6.200000E-5	0.001467	0.000410	-0.100035	2.900000E-5	0.003679	0.000100	7.659088	0.003684
0.000000	-0.050000	36.500000	-0.000100	-0.050020	0.000000	39.100000	1.000000	105.100000	-0.050004	-3.000000E-5	36.500054	8.500000E-5	0.002725	0.001364	-0.050018	2.800000E-5	0.003667	0.000100	7.634225	0.003672
0.000000	-0.010000	36.500000	-0.000100	-0.010015	0.000000	39.100000	1.000000	105.100000	-0.009996	-0.000464	36.501007	0.000306	0.012798	0.029174	-0.010011	2.200000E-5	0.003516	0.000100	7.321217	0.003522
0.000000	-1.000000	37.100000	-0.000100	-1.000414	0.000000	39.100000	1.000000	105.100000	-1.000001	-9.800000E-5	37.099964	0.000215	0.000394	3.300000E-5	-1.000106	0.000164	0.003505	0.000100	7.297122	0.003510
0.000000	-0.500000	37.100000	-0.000100	-0.500172	0.000000	39.100000	1.000000	105.100000	-0.500003	-9.800000E-5	37.100046	9.900000E-5	0.000515	5.200000E-5	-0.500078	7.500000E-5	0.003545	0.000100	7.380018	0.003550
0.000000	-0.200000	37.100000	-0.000100	-0.200088	0.000000	39.100000	1.000000	105.100000	-0.200004	-8.900000E-5	37.100075	6.100000E-5	0.000924	0.000146	-0.200064	3.400000E-5	0.003535	0.000100	7.360878	0.003541
0.000000	-0.100000	37.100000	-0.000100	-0.100053	0.000000	39.100000	1.000000	105.100000	-0.100007	-5.400000E-5	37.100060	6.300000E-5	0.001617	0.000418	-0.100043	3.600000E-5	0.003500	0.000100	7.287771	0.003505
0.000000	-0.050000	37.100000	-0.000100	-0.050016	0.000000	39.100000	1.000000	105.100000	-0.050003	-5.900000E-5	37.100100	8.700000E-5	0.003008	0.001392	-0.050009	2.800000E-5	0.003537	0.000100	7.364241	0.003542
0.000000	-0.010000	37.100000	-0.000100	-0.010001	0.000000	39.100000	1.000000	105.100000	-0.010016	0.001434	37.099412	0.000313	0.014140	0.029719	-0.010015	2.300000E-5	0.003579	0.000100	7.452351	0.003585
0.000000	-1.000000	37.500000	-0.000100	-1.000662	0.000000	39.100000	1.000000	105.100000	-1.000018	-9.800000E-5	37.500006	0.000218	0.000435	3.300000E-5	-1.000021	0.000179	0.003529	0.000100	7.346483	0.003534
0.000000	-0.500000	37.500000	-0.000100	-0.500167	0.000000	39.100000	1.000000	105.100000	-0.500000	-9.800000E-5	37.499991	0.000100	0.000565	5.300000E-5	-0.500069	9.100000E-5	0.003663	0.000100	7.626786	0.003668
0.000000	-0.200000	37.500000	-0.000100	-0.200084	0.000000	39.100000	1.000000	105.100000	-0.199998	-0.000104	37.499992	6.100000E-5	0.001003	0.000148	-0.200056	4.200000E-5	0.003465	0.000100	7.213625	0.003470
0.000000	-0.100000	37.500000	-0.000100	-0.100041	0.000000	39.100000	1.000000	105.100000	-0.099999	-0.000105	37.500027	6.400000E-5	0.001748	0.000424	-0.100029	2.400000E-5	0.003461	0.000100	7.205426	0.003466
0.000000	-0.050000	37.500000	-0.000100	-0.050029	0.000000	39.100000	1.000000	105.100000	-0.049993	-0.000205	37.499851	8.900000E-5	0.003243	0.001415	-0.050018	2.500000E-5	0.003420	0.000100	7.120091	0.003425
0.000000	-0.010000	37.500000	-0.000100	-0.010003	0.000000	39.100000	1.000000	105.100000	-0.009998	-0.000315	37.500449	0.000318	0.015208	0.030334	-0.009999	2.100000E-5	0.003450	0.000100	7.182951	0.003455
-20041.000000	-1.000000	38.100000	-0.000100	-0.183376	0.000000	39.100000	1.000000	105.100000	-0.486948	-0.113460	33.850121	0.000000	0.000000	0.000000	-0.073696	0.108640	17717.394998	0.000100	3.688762E+7	17742.961224
0.000000	-0.500000	38.100000	-0.000100	-0.500235	0.000000	39.100000	1.000000	105.100000	-0.500006	-9.700000E-5	38.100011	0.000102	0.000621	5.400000E-5	-0.500112	6.800000E-5	0.003444	0.000100	7.171372	0.003449
0.000000	-0.200000	38.100000	-0.000100	-0.200088	0.000000	39.100000	1.000000	105.100000	-0.199994	-0.000113	38.099980	6.300000E-5	0.001084	0.000151	-0.200044	4.500000E-5	0.003525	0.000100	7.339892	0.003530
0.000000	-0.100000	38.100000	-0.000100	-0.100036	0.000000	39.100000	1.000000	105.100000	-0.099995	-0.000132	38.099825	6.600000E-5	0.001876	0.000432	-0.100014	2.700000E-5	0.003624	0.000100	7.544197	0.003629
0.000000	-0.050000	38.100000	-0.000100	-0.050021	0.000000	39.100000	1.000000	105.100000	-0.049995	-0.000178	38.099952	9.000000E-5	0.003467	0.001444	-0.050007	2.400000E-5	0.003586	0.000100	7.465969	0.003591
0.000000	-0.010000	38.100000	-0.000100	-0.010007	0.000000	39.100000	1.000000	105.100000	-0.009979	-0.002065	38.098589	0.000325	0.016211	0.031097	-0.009986	2.200000E-5	0.003413	0.000100	7.105376	0.003418
-20041.000000	-1.000000	35.150000	-0.000100	-0.999901	0.000000	39.100000	1.000000	105.100000	-0.998025	-0.000283	35.101589	0.000000	0.000000	0.000000	-0.999225	0.001218	0.483803	0.001000	1007.277377	0.484501
0.000000	-0.500000	35.150000	-0.000100	-0.500084	0.000000	39.100000	1.000000	105.100000	-0.499964	-0.000116	35.150005	0.000101	0.001143	5.200000E-5	-0.499693	0.002265	0.357752	0.001000	744.840622	0.358269
0.000000	-0.200000	35.150000	-0.000100	-0.200008	0.000000	39.100000	1.000000	105.100000	-0.199955	-0.000243	35.149601	6.300000E-5	0.002012	0.000148	-0.199943	0.000417	0.357835	0.001000	745.012445	0.358351
0.000000	-0.100000	35.150000	-0.000100	-0.100012	0.000000	39.100000	1.000000	105.100000	-0.100024	6.300000E-5	35.149974	6.700000E-5	0.003527	0.000431	-0.100024	0.000460	0.351398	0.001000	731.610537	0.351905
0.000000	-0.050000	35.150000	-0.000100	-0.050020	0.000000	39.100000	1.000000	105.100000	-0.049901	-0.001679	35.148309	9.300000E-5	0.006206	0.001469	-0.049882	0.000408	0.356898	0.001000	743.061658	0.357413
0.000000	-0.010000	35.150000	-0.000100	-0.010023	0.000000	39.100000	1.000000	105.100000	-0.010380	0.034673	35.154780	0.000313	0.019498	0.027616	-0.010389	0.000256	0.354831	0.001000	738.757373	0.355343
0.000000	-1.000000	35.500000	-0.000100	-1.000539	0.000000	39.100000	1.000000	105.100000	-1.000182	-7.200000E-5	35.502371	0.000371	0.004218	4.200000E-5	-1.000358	0.001372	0.352400	0.001000	733.697286	0.352909
0.000000	-0.500000	35.500000	-0.000100	-0.500208	0.000000	39.100000	1.000000	105.100000	-0.500161	-4.300000E-5	35.503420	0.000160	0.003733	6.800000E-5	-0.500171	0.000644	0.362944	0.001000	755.649287	0.363468
0.000000	-0.200000	35.500000	-0.000100	-0.200178	0.000000	39.100000	1.000000	105.100000	-0.200031	-2.400000E-5	35.501127	9.100000E-5	0.004646	0.000195	-0.200167	0.000621	0.364108	0.001000	758.072688	0.364633
0.000000	-0.100000	35.500000	-0.000100	-0.100017	0.000000	39.100000	1.000000	105.100000	-0.100071	0.000380	35.497091	9.200000E-5	0.006945	0.000567	-0.100067	0.000366	0.352669	0.001000	734.256897	0.353178
0.000000	-0.050000	35.500000	-0.000100	-0.049948	0.000000	39.100000	1.000000	105.100000	-0.049944	-0.001046	35.502543	0.000125	0.011816	0.001920	-0.049882	0.000323	0.358125	0.001000	745.617067	0.358642
0.000000	-0.010000	35.500000	-0.000100	-0.010021	0.000000	39.100000	1.000000	105.100000	-0.009899	-0.009568	35.451820	0.000442	0.052135	0.042664	-0.009923	0.000206	0.355474	0.001000	740.095988	0.355987
0.000000	-1.000000	36.100000	-0.000100	-1.000599	0.000000	39.100000	1.000000	105.100000	-0.999914	-0.000110	36.100127	0.000211	0.000505	3.200000E-5	-1.000369	0.001390	0.355073	0.001000	739.261835	0.355585
0.000000	-0.500000	36.100000	-0.000100	-0.500419	0.000000	39.100000	1.000000	105.100000	-0.499900	-0.000151	36.099604	9.800000E-5	0.000596	5.100000E-5	-0.500289	0.000712	0.359949	0.001000	749.413794	0.360468
0.000000	-0.200000	36.100000	-0.000100	-0.199941	0.000000	39.100000	1.000000	105.100000	-0.199966	-0.000189	36.099703	6.000000E-5	0.000995	0.000143	-0.199862	0.000548	0.350429	0.001000	729.593604	0.350935
0.000000	-0.100000	36.100000	-0.000100	-0.100105	0.000000	39.100000	1.000000	105.100000	-0.099981	-0.000278	36.099978	6.200000E-5	0.001699	0.000410	-0.100064	0.000342	0.341946	0.001000	711.932318	0.342440
0.000000	-0.050000	36.100000	-0.000100	-0.049993	0.000000	39.100000	1.000000	105.100000	-0.049942	-0.001004	36.100500	8.500000E-5	0.003120	0.001367	-0.049937	0.000236	0.345702	0.001000	719.751059	0.346201
0.000000	-0.010000	36.100000	-0.000100	-0.010006	0.000000	39.100000	1.000000	105.100000	-0.010130	0.012175	36.097319	0.000307	0.014574	0.028478	-0.010134	0.000230	0.347671	0.001000	723.851253	0.348173
0.000000	-1.000000	36.500000	-0.000100	-1.000575	0.000000	39.100000	1.000000	105.100000	-0.999835	-0.000127	36.500341	0.000211	0.000368	3.200000E-5	-1.000096	0.001335	0.350126	0.001000	728.963239	0.350632
0.000000	-0.500000	36.500000	-0.000100	-0.500130	0.000000	39.100000	1.000000	105.100000	-0.499955	-0.000126	36.499846	9.700000E-5	0.000474	5.100000E-5	-0.499899	0.001436	0.353668	0.001000	736.336880	0.354178
0.000000	-0.200000	36.500000	-0.000100	-0.200110	0.000000	39.100000	1.000000	105.100000	-0.200027	-1.400000E-5	36.500106	6.000000E-5	0.000841	0.000143	-0.200123	0.000344	0.357278	0.001000	743.853380	0.357794
-20041.000000	-0.100000	36.500000	-0.000100	-0.060533	0.000000	39.100000	1.000000	105.100000	-0.083821	-0.113583	35.047097	0.000000	0.000000	0.000000	-0.051965	0.038947	85.523887	0.001000	178060.731706	85.647298
0.000000	-0.050000	36.500000	-0.000100	-0.049975	0.000000	39.100000	1.000000	105.100000	-0.050080	0.001169	36.499234	8.500000E-5	0.002724	0.001360	-0.050039	0.000294	0.363863	0.001000	757.563771	0.364389
0.000000	-0.010000	36.500000	-0.000100	-0.010021	0.000000	39.100000	1.000000	105.100000	-0.009888	-0.010985	36.503559	0.000306	0.012800	0.029804	-0.009908	0.000263	0.354378	0.001000	737.814114	0.354889
0.000000	-1.000000	37.100000	-0.000100	-0.440885	0.000000	39.100000	1.000000	105.100000	-1.000019	-8.700000E-5	37.099868	0.000215	0.000394	3.300000E-5	-1.000387	0.001459	0.365394	0.001000	760.750272	0.365921
0.000000	-0.500000	37.100000	-0.000100	-0.500172	0.000000	39.100000	1.000000	105.100000	-0.499971	-0.000116	37.100020	9.900000E-5	0.000515	5.200000E-5	-0.500025	0.000891	0.358394	0.001000	746.175627	0.358911
0.000000	-0.200000	37.100000	-0.000100	-0.200049	0.000000	39.100000	1.000000	105.100000	-0.200003	-8.900000E-5	37.100497	6.100000E-5	0.000924	0.000146	-0.200022	0.000433	0.355936	0.001000	741.057879	0.356449
0.000000	-0.100000	37.100000	-0.000100	-0.100154	0.000000	39.100000	1.000000	105.100000	-0.099995	-0.000143	37.101012	6.300000E-5	0.001618	0.000418	-0.100137	0.000299	0.349008	0.001000	726.634988	0.349512
0.000000	-0.050000	37.100000	-0.000100	-0.049991	0.000000	39.100000	1.000000	105.100000	-0.050068	0.000988	37.099212	8.700000E-5	0.003007	0.001389	-0.050047	0.000241	0.352882	0.001000	734.700739	0.353391
0.000000	-0.010000	37.100000	-0.000100	-0.009999	0.000000	39.100000	1.000000	105.100000	-0.009951	-0.004811	37.088093	0.000312	0.014098	0.030087	-0.009899	0.000283	0.348688	0.001000	725.967612	0.349191
0.000000	-1.000000	37.500000	-0.000100	-0.330765	0.000000	39.100000	1.000000	105.100000	-1.000138	-8.800000E-5	37.500312	0.000219	0.000435	3.300000E-5	-1.000373	0.001278	0.346045	0.001000	720.466502	0.346545
-20041.000000	-0.500000	37.500000	-0.000100	-0.175309	0.000000	39.100000	1.000000	105.100000	-0.313462	-0.120604	33.975498	0.000000	0.000000	0.000000	-0.242305	0.002072	7873.149133	0.001000	1.639190E+7	7884.510099
0.000000	-0.200000	37.500000	-0.000100	-0.200112	0.000000	39.100000	1.000000	105.100000	-0.199997	-0.000107	37.500594	6.100000E-5	0.001003	0.000148	-0.199904	0.000616	0.346561	0.001000	721.540579	0.347061
0.000000	-0.100000	37.500000	-0.000100	-0.100036	0.000000	39.100000	1.000000	105.100000	-0.100031	7.500000E-5	37.500998	6.400000E-5	0.001748	0.000424	-0.100052	0.000540	0.349428	0.001000	727.509636	0.349932
-23026.000000	-0.050000	37.500000	-0.000100	-0.016485	0.000000	39.100000	1.000000	105.100000	-0.002971	-10.992424	27.916341	0.000000	0.000000	0.000000	3.000000E-6	2.000000E-5	1637.328044	0.001000	3408916.987542	1639.690711
0.000000	-0.010000	37.500000	-0.000100	-0.009967	0.000000	39.100000	1.000000	105.100000	-0.009895	-0.010013	37.492294	0.000318	0.015198	0.030943	-0.009864	0.000257	0.357174	0.001000	743.636984	0.357690
-20041.000000	-1.000000	38.100000	-0.000100	-0.183215	0.000000	39.100000	1.000000	105.100000	-0.489685	-0.112238	33.880922	0.000000	0.000000	0.000000	-0.007351	0.015289	17487.608029	0.001000	3.640920E+7	17512.842672
-20041.000000	-0.500000	38.100000	-0.000100	-0.091693	0.000000	39.100000	1.000000	105.100000	-0.151569	-0.474588	30.081809	0.000000	0.000000	0.000000	-4.600000E-5	0.000146	27039.281146	0.001000	5.629578E+7	27078.298868
0.000000	-0.200000	38.100000	-0.000100	-0.199989	0.000000	39.100000	1.000000	105.100000	-0.199902	-0.000307	38.098216	6.300000E-5	0.001084	0.000151	-0.199869	0.000517	0.348533	0.001000	725.645999	0.349036
-23026.000000	-0.100000	38.100000	-0.000100	-0.018244	0.000000	39.100000	1.000000	105.100000	-0.001626	-30.439496	18.761806	0.000000	0.000000	0.000000	1.000000E-6	7.000000E-6	13659.293038	0.001000	2.843865E+7	13679.003418
0.000000	-0.050000	38.100000	-0.000100	-0.049992	0.000000	39.100000	1.000000	105.100000	-0.049983	-0.000407	38.098703	9.000000E-5	0.003467	0.001444	-0.049963	0.000345	0.357059	0.001000	743.397745	0.357575
0.000000	-0.010000	38.100000	-0.000100	-0.010051	0.000000	39.100000	1.000000	105.100000	-0.009749	-0.024531	38.078756	0.000324	0.016200	0.032531	-0.009797	0.000224	0.353412	0.001000	735.802830	0.353922
0.000000	-1.000000	35.150000	-0.000100	-1.000170	0.000000	39.100000	1.000000	105.100000	-1.000702	0.000133	35.151073	0.000214	0.000720	3.200000E-5	-0.999368	0.013721	35.316149	0.010000	73528.222420	35.367110
0.000000	-0.500000	35.150000	-0.000100	-0.500398	0.000000	39.100000	1.000000	105.100000	-0.499840	-0.000199	35.146664	0.000102	0.001114	5.200000E-5	-0.500218	0.006028	36.599842	0.010000	76200.870748	36.652655
-20041.000000	-0.200000	35.150000	-0.000100	-0.200841	0.000000	39.100000	1.000000	105.100000	-0.199831	-0.000221	35.107766	0.000000	0.000000	0.000000	-0.200785	0.003310	34.308457	0.010000	71430.207497	34.357964
0.000000	-0.100000	35.150000	-0.000100	-0.099768	0.000000	39.100000	1.000000	105.100000	-0.100164	0.001306	35.142058	7.000000E-5	0.003831	0.000448	-0.099917	0.003202	35.011947	0.010000	72894.873321	35.062469
0.000000	-0.050000	35.150000	-0.000100	-0.051112	0.000000	39.100000	1.000000	105.100000	-0.049559	-0.007155	35.110058	0.000123	0.000184	0.001927	-0.050723	0.002602	35.440858	0.010000	73787.866458	35.491999
-20041.000000	-0.010000	35.150000	-0.000100	-0.010589	0.000000	39.100000	1.000000	105.100000	-0.011054	0.091228	35.056015	0.000000	0.000000	0.000000	-0.011753	0.002646	34.272220	0.010000	71354.762763	34.321675
0.000000	-1.000000	35.500000	-0.000100	-0.997870	0.000000	39.100000	1.000000	105.100000	-0.998021	-0.000367	35.475069	0.000371	0.004249	4.200000E-5	-0.996899	0.011391	35.046404	0.010000	72966.613416	35.096976
0.000000	-0.500000	35.500000	-0.000100	-0.499169	0.000000	39.100000	1.000000	105.100000	-0.501147	0.000167	35.537863	0.000159	0.003682	6.700000E-5	-0.499185	0.005846	34.865022	0.010000	72588.974900	34.915332
0.000000	-0.200000	35.500000	-0.000100	-0.200016	0.000000	39.100000	1.000000	105.100000	-0.199216	-0.001722	35.486191	9.100000E-5	0.004660	0.000196	-0.199577	0.003641	35.484884	0.010000	73879.529105	35.536089
0.000000	-0.100000	35.500000	-0.000100	-0.101049	0.000000	39.100000	1.000000	105.100000	-0.099983	-0.000277	35.501901	9.200000E-5	0.006939	0.000568	-0.101017	0.002923	35.696730	0.010000	74320.590907	35.748240
0.000000	-0.050000	35.500000	-0.000100	-0.049686	0.000000	39.100000	1.000000	105.100000	-0.050488	0.007033	35.529455	0.000124	0.011735	0.001877	-0.050128	0.002903	35.595692	0.010000	74110.230837	35.647057
0.000000	-0.010000	35.500000	-0.000100	-0.010321	0.000000	39.100000	1.000000	105.100000	-0.008546	-0.159879	35.386226	0.000442	0.052857	0.057206	-0.008881	0.002285	36.548656	0.010000	76094.302776	36.601396
0.000000	-1.000000	36.100000	-0.000100	-0.994446	0.000000	39.100000	1.000000	105.100000	-0.999119	-0.000157	36.098291	0.000211	0.000507	3.200000E-5	-0.993967	0.014619	35.062197	0.010000	72999.493605	35.112792
0.000000	-0.500000	36.100000	-0.000100	-0.500619	0.000000	39.100000	1.000000	105.100000	-0.499441	-0.000473	36.098685	9.700000E-5	0.000597	5.100000E-5	-0.500179	0.007216	36.064801	0.010000	75086.916675	36.116843
0.000000	-0.200000	36.100000	-0.000100	-0.199880	0.000000	39.100000	1.000000	105.100000	-0.199976	-0.000259	36.101724	6.000000E-5	0.000991	0.000143	-0.199941	0.003547	34.365621	0.010000	71549.222475	34.415210
0.000000	-0.100000	36.100000	-0.000100	-0.099102	0.000000	39.100000	1.000000	105.100000	-0.099711	-0.002353	36.109082	6.200000E-5	0.001677	0.000411	-0.098832	0.002761	35.280128	0.010000	73453.225471	35.331037
0.000000	-0.050000	36.100000	-0.000100	-0.049494	0.000000	39.100000	1.000000	105.100000	-0.049656	-0.005920	36.105953	8.500000E-5	0.003097	0.001381	-0.049218	0.002845	35.369858	0.010000	73640.043750	35.420896
0.000000	-0.010000	36.100000	-0.000100	-0.008404	0.000000	39.100000	1.000000	105.100000	-0.010119	0.009884	36.178149	0.000305	0.013597	0.028406	-0.010095	0.002443	34.667278	0.010000	72177.273470	34.717303
0.000000	-1.000000	36.500000	-0.000100	-1.003141	0.000000	39.100000	1.000000	105.100000	-1.003133	0.000285	36.503085	0.000212	0.000368	3.200000E-5	-1.003920	0.013189	35.382142	0.010000	73665.619870	35.433199
0.000000	-0.500000	36.500000	-0.000100	-0.322436	0.000000	39.100000	1.000000	105.100000	-0.499806	-0.000333	36.501345	9.700000E-5	0.000474	5.100000E-5	-0.499299	0.006670	36.606523	0.010000	76214.780015	36.659346
0.000000	-0.200000	36.500000	-0.000100	-0.128604	0.000000	39.100000	1.000000	105.100000	-0.200295	0.000855	36.502681	6.000000E-5	0.000841	0.000143	-0.200119	0.003408	34.051545	0.010000	70895.317438	34.100682
-20041.000000	-0.100000	36.500000	-0.000100	-0.060925	0.000000	39.100000	1.000000	105.100000	-0.083992	-0.112037	35.055370	0.000000	0.000000	0.000000	-0.054155	0.039400	116.525347	0.010000	242605.772257	116.693493
-20041.000000	-0.050000	36.500000	-0.000100	-0.030657	0.000000	39.100000	1.000000	105.100000	-0.036959	-0.265384	35.021344	0.000000	0.000000	0.000000	-0.027115	0.015657	60.321032	0.010000	125588.388965	60.408076
-23026.000000	-0.010000	36.500000	-0.000100	-0.005817	0.000000	39.100000	1.000000	105.100000	-0.001267	-6.310607	33.702914	0.000000	0.000000	0.000000	-0.001380	0.000309	46.173261	0.010000	96132.729480	46.239889
0.000000	-1.000000	37.100000	-0.000100	-1.000035	0.000000	39.100000	1.000000	105.100000	-1.001097	0.000283	37.101082	0.000216	0.000394	3.300000E-5	-1.000821	0.013901	35.081277	0.010000	73039.217903	35.131899
0.000000	-0.500000	37.100000	-0.000100	-0.230582	0.000000	39.100000	1.000000	105.100000	-0.499988	-0.000136	37.102587	9.900000E-5	0.000516	5.200000E-5	-0.499696	0.005745	36.252596	0.010000	75477.904000	36.304908
0.000000	-0.200000	37.100000	-0.000100	-0.112235	0.000000	39.100000	1.000000	105.100000	-0.200324	0.000643	37.094310	6.100000E-5	0.000922	0.000146	-0.199496	0.003974	35.211483	0.010000	73310.308565	35.262294
-20041.000000	-0.100000	37.100000	-0.000100	-0.045965	0.000000	39.100000	1.000000	105.100000	-0.049545	-0.609773	33.466780	0.000000	0.000000	0.000000	-0.000194	0.001463	995.149452	0.010000	2071901.159286	996.585454
-20041.000000	-0.050000	37.100000	-0.000100	-0.025869	0.000000	39.100000	1.000000	105.100000	-0.013279	-2.091373	33.639381	0.000000	0.000000	0.000000	-0.014656	0.000819	295.164150	0.010000	614531.759364	295.590072
-23026.000000	-0.010000	37.100000	-0.000100	-0.006148	0.000000	39.100000	1.000000	105.100000	-0.001387	-5.705780	34.370582	0.000000	0.000000	0.000000	-0.001472	0.000364	43.849678	0.010000	91295.030475	43.912954
0.000000	-1.000000	37.500000	-0.000100	-0.430500	0.000000	39.100000	1.000000	105.100000	-1.001594	1.100000E-5	37.501620	0.000219	0.000435	3.300000E-5	-1.003466	0.012674	33.780139	0.010000	70330.250390	33.828884
0.000000	-0.500000	37.500000	-0.000100	-0.234478	0.000000	39.100000	1.000000	105.100000	-0.500978	0.000244	37.505334	0.000101	0.000565	5.300000E-5	-0.501767	0.008042	36.364306	0.010000	75710.484450	36.416779
0.000000	-0.200000	37.500000	-0.000100	-0.074383	0.000000	39.100000	1.000000	105.100000	-0.198918	-0.002671	37.485986	6.100000E-5	0.001002	0.000149	-0.199256	0.003721	35.651010	0.010000	74225.403657	35.702455
-20041.000000	-0.100000	37.500000	-0.000100	-0.039361	0.000000	39.100000	1.000000	105.100000	-0.024632	-1.842343	31.990468	0.000000	0.000000	0.000000	2.300000E-5	0.000854	1929.078590	0.010000	4016341.624068	1931.862253
